240⁴ 000100-000101010

142, 5 10 seruitute 10, 1 dogma 0009011100 0000100001 29, 1; 48,1

00000900 33, 3 consulte 88, 2 uo?
mina 01001010 posuit (11110900 103,
3; 113, 1.2 interpretationes 4001-
100 10 010010 1111101010 numquam
. 00000101142,4 uelamen in cor-

0111110 00019010 155, 4

10 09110000 poplitibus olandioatie

16, 2

0000100 09101 150, 3 Christianorum
150, 3; 155, 9 gentium 151, 4;
27, 2 Iudaeorum 101001001010092.
4; 111, 3. 107, 2 11108. 11. 7. 112,
4. 118, 4. 129, 6510130, 5. 141,
2. 142, 5. 118, 8. 150, 8. 151,1
001 25, 2 quattuor 0000901001 po·
00101001 01190900 139, 2 00100001-
10101 00100000 000011 129, 3 000-

. 0090110 000011 000100010156,1 00-
0010 000 legitur in eeclesia epi·
09010 0010001000000 89, 2 0000111

tia 82, 1. 80, 1. 98, 2. 10410. 107,

’3. 117,1 0009 XV generationem

104,2 0009 (11)Χο 00000 107, 111
1083 0009(-- pone) LXXII 0001-
0100 130, 4 000180100011010 0011-
011956, 2 0019 1100910111οι0 aquae
82, 4. 5; 106, 4 0009 oceanum
[00110] 57, 1 01011010 125,1; 27, l
0009 angelon 010090 001100 99, 1;
111,2 0009 Abraham quartua 10000
10 generatione 111,1 0009 deum
001001 adorare 10, 2 0009 00000001
0100 140, 1 duodecim 0100 0009
140, 2 0009 100190 tempora 56, 2
0009 9010000 = 0110110010 poet 82,
8 0009 aunon 122, 2 (eoas 0. F.
W. 11001101170011010. aaa. 1893
0. 901) 0009 00000 multoe 142, 1
posthunc 30. 40. 4l. 43 0009109001
31. 1. 35, 138, 142, 1. 46. 54.

0001090 0100010 150, 3. 7; 27, 1 65 0009110044, 1. 60,1. 61,1.
00190019 0100010 32, 6 portabant 64,1.68,1 0009 iuteo 82, 1. 49,

, oarra 1009100000010011001010108,4 1. 50, 1. 52 0009000 1100 125, 5

positio: quid 01910000 001009010 Nou multo 0009101, 12. 134, 9
010011οῒ0910 09 0010 positionis 019 00091100 secundat 0009 00901010
gratia 131, 10011001. p. 234. 289 112, 7 ; 115, 7. 140, 8. 1494. 27,1
Gal. Christus imago dei genita pro· postea uero 109, 5. 104, 4. 149, 6

uude 09 Sabelliani postea 0009 ap-

pellati 54; 89, 8. 97, 4. 6. 103, 3.

104, 1. 108, 1 ea 111, 6. 117, 1.

121, 2. 130, 24. 6 010-000900000

auo, 115, 5. 116,1.138,3 010 ε

postea 97, 6 7 aeide eie, aient:

ante—et postea 98, 2; 127, 1 09ῑ1
0001 121,3 00090098, 3. 111, 1. 112,5etiau-:

0000001 00001001901010000011110900 000900 110, 2 001 poetae 111, 4.=
00100119128,9 0090090010 eogno· 90, 1 ’

00010 129, 10 09 0000109 1101)οτ0 10000901010001090101215.184,ῗ“

0110, 000 0001910οο seruitutis 010090

“ ·010111110137,4

000 000010009 0110010 72, 21 9, 1
er 0010100 10101010 possidere ali·

s quid 105, 2 11011000 00900910 regit

s ae 00001009 00100100 0001000 100,

4 possidendam eam atque habitau-

· heentram 00010001 mali 109, 6; 69, 00090110 traditum 109,8,. 136, 411

4.70,2.97,3.110,2.133,410000001 24, 30009011οω0 1000010 0111109101-
000 01100104 00000 106, 8 1110001οο 110, l iu postrema 9011010111 ou.
qui 0009110119 00100 00101111 1253 nium 18, 2 postrema perseeutic

 

